Standard normal tables

e No closed form available for CDF

but have tables, for the standard normal

Var (0, 1)

P= Fy 6p) = LC 7) atl 3
7

@ (o)=P( sO) 50.5
P1.10¢) =0.87%0 =P (2.9) = 0.998

M-1) 5

1-2(2)
a)- -9F#F#L

2 »

0001 08.04 06 07
0.0 |! Gaga) 5040 51205160 5230 5279
o1 S817 S587 636.5675
0.2 5910 5948 6026 6064 G11
08 6255 62936331 6406 6443 6517
0.4 || 6554 6628 6664 6700 GT72.6808 6879
0.5 || 6915 6985 7019 .7054 7123 7157 7224
0.6 || .7257 73247357 7389 7454-7486 7549
0.7 || .7580 7642 .7673.7704 1764 .7794 7852
0.8 || .7881 7939 7967 .7995 8133
0.9 || 8159 8212 8238 8264
1.0 |) 8413 “8461 8485 8508
11 |) 8643 8686 8708 .8729
1.2 |) .ss49 -8888 8907.89.25
1.3 |) 9032 .9049 9066-9082 .9099 F
14 |) 9192 .9207 .9222 .9236 .9251 9279 9306
15 |) .9332 9345 9870-9382 9406 9429
1.6 || 9452 9463 9484 9495 9515 5
17 || 9554 9564 9591 9608
18 | 9641 9649 9671 9686
19 9738 9750
2.0 9793 9798 .9803
2a 9838 9842 9846
2.2 9875 9878 .9881
2.38 9896 904.9906 .9909
24 9920 9927 9929 .9931
25 9940 9941 9945 9946 9948 .9949 9951 .9952
2.6 9955 9956 9959 .9960 .9961 9964
27 9966 9967 9969 9970 9971 9974
28 9975 9976 9977 9978 .9979
2.9 9982 9982 984.9984 .9985

