Calculating normal probabilities

e Express an event of interest
in terms of standard normal

x~w (6,4)

LCLEXS8)= 9-2 E481)

2P(re1)-L(¥< -2)
=P Cx<1)~(1- LCs 27)

0001 08 04 05 07.08
0.0 || 5000 5120 5160-5199 5279
O.1 || 5398 S817 5587 5596 5675 5753
0.2 || 5793 5910 5948 5987 6026 .6064 611
0.3 || 6179 6293 6331 6368 6406 .6443 6517
04 || 6554. 6664 6700 6736 .6772.6808 6879
0.5 || .6915, -7019 7054-7088 7123. 7157 7224
0.6 || .7257 .7357 7389-7422 7454 7486 7549
0.7 || .7580 1673 770477347764. 7794 7852
0.8 || .7881 7967 .7995 8023 8051-8078 8133
09 8238 8264 .8289 8315 .8340 8389
1.0 8485 8508 8531 .8554 .8577 8621
i) 8708 8729 8749 8770 8830
1.2 8907 8925 8944 8962 9015
1.3 |) 9032 9049 9082 9099 9115 9131 9177
14 || 9192 9207 9236 9251 9265 9279 9319
1.5 |) 9332 9345 9370 9382 9394 .9406 9441
1.6 |) 9452 9463 9484 9495 9505 9515 9545
17 9591 9599 .9608 9633
18 9671 9678-9686 9706
19 9738 9744 9750 9767
2.0 9793 9798 .9803
Qa 9842 9846
2.2 9868 878.9881
2.38 9898 904.9906 .9909
24 9922 9927 9929 9931
2.5 || .9938 9940 .9941 9945 9946 9948
2.6 || .9953 9955 9956 9959 9960 .9961
27 || 9965 .9966 .9967 9969 9970 9971 F
2.8 || 9974 .9975 .9976 9977 9978 9979 9980
2.9 || 9981 9982 9982 984.9984 .9985 9986

