Example 4

e P(S, <a) xb given two parameters, find the third —_ —
no
e Package weights X;, i.i.d. exponential, A = 1/2; 5
p=o=

e Load container until weight exceeds 210
00 OL 02 03, 04 05, 06 OT 08 09

N: number of packages loaded 0.0 || 5000 .5040 5080 .5120 5199 5239 5279 5319

0.1 || 5398 5438 5478 5517 5596 5636 5675 S714
0.2 |) .5793 5832 .5871 .5910 6026 6064 .6103
bet P(N > 100) 0.3 || 6179 6217 6255 .6293 6406 6443 6480

0.4 |) 6554 .6591 6628 6664 6772 6808 6844
100

0.5 6950 6985 .7019 -7123. 7157-7190

_ Kis < g 10) 0.6 7291 .7324 .7357 454.7486 .7517
= i 0.7 7611 .7642 .7673 7764 .7794 .7823
(sd 0.8 7910 .7939 .7967 8051 .8078 8106

0.9 8186 8212 .8238 8315 .8340 .8365

1.0 8438 8461 8485 8554 8577 8599

a 10 - gz oo Ll 8665 8686 8708 8770 .8790 .8810

= = 0, 5) 1.2 8869 8888 .8907 962.8980 .8997
13 9049 9066 .9082 9131 9147 .9162

4 9207 9222 9236 9279 9292 .9306

9406 9418 9429
9515 9525 9535
9608 .9616
9686 9693
9750 .9756

= 06. ¢ 9 | 5 1.5 |] .9332 9345

1.6 || .9452 .9463
L7 |] 9554 9564
18 |} 9641 .9619
19 || 9713 .9719

