Example 2
Sa —
Jno

Lb=o=

e P(S, <a) xb given two parameters, find the third Zn =
e Package weights X;, i.i.d. exponential, A = 1/2;

e Let n= 100. Choose the “capacity” a,

so that P(Sn >a) © 0.05. 00 01 0203040506089

0.0 |) 5000 .5040 .5080 5120 .5160 5199 5239 5279 .5319

ol 5398 5438 5478 .5517 .5557 5596 5636 «5675 5714
0. 09 x =P (2a 400 => Qa -200 0.2 |) 5793 5832 .5871 5910.59 , 6026 .6064 .6103

a 0.3 || 6179 6217 6255 .6293 6406 6443 6480
Zo 0.4 |) 6554 .6591 6628 6664 6772 .6808 6844

0.5 || 6915 .6950 6985 .7019

a- =#00 0.6 || 7257 .7291 .7324 .7357
ag | — 0.7 || .7580 .7611 .7642 .7673

-7123. 7157-7190,
-7A54 7486-7517
7764 7794 .7823
8051 .8078 .8106
8315 .8340 .8365

0.8 || .7881 .7910 .7939 .7967

| 0.9 || 8159 .8186 8212 .8238
1.0 |] 8413 8438 8461 8485
1.1 |] .8643 8665 8686 .8708
0.95

1.2 || .8849 .8869 .8888 .8907

8554 8577 .8599
8770 .8790 .8810
962.8980 .8997
9131 9147 .9162
9279 9292 .9306

1.3 || .9032 .9049 .9066  .9082

a et 2 00 - 9. 1.4 || 9192 .9207 .9222 .9236

= 1.695 Q=23 oy) 1.5 |) 9332 .9345 93
20 1.6 |] 9452 .9463
L7 |] 9554 9564
18 |} 9641 .9619
19 || 9713 .9719

9406 9418 9429
9515 9525 9535
9608 .9616
9686 9693
9750 9756

